# QL_EpsQReLUEpsRequantiser_140654772597712__1_ (shape [500]),
4,
4,
0,
3,
0,
5,
0,
3,
0,
0,
0,
0,
0,
1,
0,
0,
0,
0,
0,
0,
0,
0,
0,
0,
0,
2,
0,
0,
0,
0,
0,
0,
0,
0,
0,
3,
6,
0,
12,
4,
0,
15,
12,
0,
0,
0,
0,
6,
0,
1,
0,
0,
0,
7,
1,
0,
3,
4,
5,
0,
0,
0,
1,
0,
18,
6,
0,
0,
0,
0,
0,
4,
5,
1,
1,
0,
0,
11,
0,
0,
0,
0,
0,
0,
9,
0,
0,
0,
0,
0,
0,
0,
0,
0,
0,
0,
0,
0,
0,
0,
6,
2,
6,
0,
0,
1,
7,
1,
0,
0,
0,
0,
0,
0,
16,
10,
0,
0,
0,
0,
0,
0,
0,
0,
0,
0,
6,
0,
0,
0,
0,
0,
0,
0,
0,
15,
0,
0,
0,
0,
0,
0,
0,
0,
7,
0,
0,
0,
0,
2,
0,
2,
0,
9,
0,
0,
0,
0,
4,
0,
0,
0,
0,
2,
0,
10,
0,
12,
0,
0,
0,
0,
10,
0,
0,
2,
2,
0,
0,
6,
7,
0,
0,
0,
11,
0,
4,
5,
8,
0,
0,
15,
3,
0,
0,
0,
0,
0,
0,
0,
0,
0,
0,
0,
0,
0,
4,
0,
0,
0,
0,
0,
0,
3,
0,
0,
6,
0,
0,
10,
0,
1,
0,
0,
3,
0,
0,
0,
4,
8,
0,
0,
0,
7,
0,
0,
11,
0,
0,
0,
0,
7,
0,
8,
14,
0,
0,
0,
0,
0,
0,
6,
0,
12,
0,
0,
0,
0,
3,
3,
7,
0,
20,
0,
0,
0,
9,
0,
0,
0,
4,
2,
0,
13,
0,
7,
0,
0,
0,
10,
0,
0,
0,
0,
3,
0,
0,
2,
4,
9,
0,
0,
0,
4,
0,
0,
0,
0,
0,
0,
0,
8,
0,
0,
0,
10,
0,
0,
0,
8,
0,
0,
0,
5,
0,
5,
0,
0,
0,
0,
3,
0,
7,
0,
0,
0,
3,
0,
0,
0,
5,
0,
0,
0,
0,
13,
3,
0,
0,
6,
7,
0,
0,
0,
0,
16,
0,
0,
0,
0,
0,
0,
0,
7,
3,
1,
8,
0,
5,
3,
0,
0,
1,
0,
5,
0,
0,
0,
1,
0,
0,
0,
0,
0,
0,
15,
0,
12,
0,
0,
0,
5,
0,
0,
0,
0,
4,
0,
0,
0,
0,
15,
0,
0,
3,
3,
0,
0,
0,
0,
1,
0,
0,
0,
12,
0,
0,
0,
10,
0,
0,
0,
0,
0,
8,
0,
0,
5,
5,
0,
5,
1,
0,
6,
0,
0,
2,
2,
5,
0,
7,
4,
0,
0,
5,
0,
0,
1,
0,
0,
2,
0,
0,
4,
4,
0,
0,
9,
0,
0,
0,
0,
0,
0,
0,
0,
7,
0,
0,
12,
0,
0,
0,
0,
7,
11,
0,
0,
0,
0,
0,
5,
1,
0,
0,
1,
0,
0,
0,
2,
0,
0,
0,
0,
0,
0,
1,
15,
0,
0,
0,
0,
6,
0,
0,
7,
4,
0,
0,
2,
