# output (shape [20, 20, 3]),
104,
0,
214,
106,
0,
207,
106,
0,
210,
107,
0,
212,
106,
0,
210,
106,
0,
211,
105,
0,
208,
105,
0,
203,
107,
0,
203,
105,
0,
203,
106,
0,
206,
107,
0,
206,
108,
0,
207,
107,
0,
208,
107,
0,
208,
108,
0,
208,
107,
0,
207,
107,
0,
208,
103,
0,
209,
95,
0,
209,
100,
0,
234,
102,
0,
231,
107,
0,
231,
107,
0,
234,
105,
0,
236,
99,
0,
235,
96,
0,
233,
95,
0,
232,
100,
0,
235,
103,
0,
234,
107,
0,
232,
107,
0,
231,
109,
0,
230,
105,
0,
230,
103,
0,
229,
100,
0,
229,
99,
0,
227,
99,
0,
225,
94,
0,
227,
97,
0,
235,
99,
0,
234,
102,
0,
231,
105,
0,
234,
105,
0,
236,
103,
0,
238,
98,
0,
235,
90,
0,
235,
92,
0,
237,
97,
0,
238,
102,
0,
233,
106,
0,
231,
105,
0,
229,
102,
0,
229,
98,
0,
228,
101,
0,
227,
104,
0,
227,
105,
0,
226,
109,
0,
221,
103,
0,
219,
98,
0,
234,
99,
0,
232,
99,
0,
230,
105,
0,
230,
104,
0,
236,
100,
0,
233,
91,
0,
235,
93,
0,
237,
96,
0,
237,
100,
0,
233,
103,
0,
229,
102,
0,
228,
99,
0,
225,
102,
0,
226,
102,
0,
228,
104,
0,
223,
105,
0,
220,
104,
0,
225,
96,
0,
228,
86,
0,
226,
94,
0,
229,
100,
0,
230,
101,
0,
232,
104,
0,
234,
106,
0,
234,
96,
0,
233,
89,
0,
236,
91,
0,
233,
96,
0,
232,
101,
0,
227,
103,
0,
226,
102,
0,
227,
104,
0,
229,
104,
0,
224,
106,
0,
226,
98,
0,
228,
97,
0,
230,
98,
0,
224,
102,
0,
229,
99,
0,
227,
101,
0,
239,
95,
0,
235,
96,
0,
235,
102,
0,
235,
97,
0,
234,
92,
0,
235,
94,
0,
233,
101,
0,
231,
103,
0,
226,
104,
0,
225,
109,
0,
223,
108,
0,
227,
100,
0,
226,
104,
0,
228,
96,
0,
220,
93,
0,
232,
94,
0,
226,
91,
0,
233,
91,
0,
233,
87,
0,
229,
98,
0,
242,
96,
0,
236,
101,
0,
233,
100,
0,
232,
95,
0,
236,
95,
0,
233,
104,
0,
232,
104,
0,
231,
105,
0,
232,
107,
0,
228,
100,
0,
230,
94,
0,
228,
96,
0,
231,
90,
0,
230,
90,
0,
232,
96,
0,
232,
97,
0,
238,
95,
0,
234,
99,
0,
236,
100,
0,
234,
100,
0,
238,
98,
0,
237,
95,
0,
235,
87,
0,
237,
95,
0,
233,
96,
0,
234,
103,
0,
236,
97,
0,
234,
96,
0,
236,
90,
0,
238,
90,
0,
236,
91,
0,
238,
90,
0,
236,
90,
0,
238,
93,
0,
238,
99,
0,
235,
97,
0,
240,
103,
0,
239,
105,
0,
235,
105,
0,
232,
100,
0,
236,
97,
0,
240,
97,
0,
235,
95,
0,
237,
94,
0,
235,
96,
0,
233,
104,
0,
231,
98,
0,
230,
100,
0,
232,
81,
0,
239,
89,
0,
235,
95,
0,
234,
98,
0,
237,
100,
0,
233,
100,
0,
235,
102,
0,
236,
102,
0,
233,
105,
0,
234,
105,
0,
236,
104,
0,
232,
100,
0,
236,
99,
0,
234,
100,
0,
233,
102,
0,
238,
99,
0,
238,
100,
0,
234,
100,
0,
232,
97,
0,
231,
92,
0,
234,
87,
0,
236,
94,
0,
232,
99,
0,
234,
99,
0,
233,
100,
0,
232,
101,
0,
234,
102,
0,
234,
106,
0,
234,
106,
0,
232,
106,
0,
232,
104,
0,
232,
101,
0,
237,
100,
0,
239,
102,
0,
236,
103,
0,
237,
102,
0,
236,
104,
0,
235,
102,
0,
231,
100,
0,
232,
93,
0,
232,
97,
0,
239,
96,
0,
235,
97,
0,
232,
101,
0,
236,
105,
0,
237,
104,
0,
234,
106,
0,
232,
105,
0,
231,
105,
0,
231,
105,
0,
231,
105,
0,
231,
100,
0,
237,
99,
0,
239,
103,
0,
237,
104,
0,
237,
102,
0,
234,
103,
0,
234,
103,
0,
234,
100,
0,
230,
99,
0,
235,
98,
0,
237,
100,
0,
236,
102,
0,
236,
102,
0,
232,
104,
0,
233,
104,
0,
234,
102,
0,
234,
100,
0,
234,
100,
0,
233,
102,
0,
235,
103,
0,
234,
99,
0,
239,
97,
0,
241,
102,
0,
235,
105,
0,
236,
104,
0,
236,
105,
0,
235,
103,
0,
235,
103,
0,
233,
104,
0,
233,
102,
0,
234,
104,
0,
234,
105,
0,
235,
106,
0,
233,
107,
0,
233,
106,
0,
232,
103,
0,
231,
104,
0,
232,
105,
0,
232,
105,
0,
233,
103,
0,
234,
101,
0,
238,
98,
0,
240,
101,
0,
236,
106,
0,
235,
105,
0,
236,
106,
0,
235,
106,
0,
234,
107,
0,
234,
107,
0,
233,
105,
0,
232,
105,
0,
232,
105,
0,
231,
106,
0,
230,
106,
0,
231,
106,
0,
230,
108,
0,
230,
107,
0,
230,
108,
0,
231,
107,
0,
232,
104,
0,
234,
101,
0,
238,
99,
0,
239,
102,
0,
235,
106,
0,
234,
106,
0,
234,
107,
0,
232,
107,
0,
233,
106,
0,
233,
107,
0,
232,
106,
0,
231,
106,
0,
231,
106,
0,
230,
106,
0,
230,
106,
0,
229,
108,
0,
229,
106,
0,
230,
106,
0,
232,
106,
0,
232,
106,
0,
233,
103,
0,
235,
101,
0,
238,
99,
0,
240,
104,
0,
235,
107,
0,
234,
106,
0,
233,
107,
0,
232,
108,
0,
232,
107,
0,
232,
107,
0,
232,
107,
0,
232,
106,
0,
231,
105,
0,
230,
106,
0,
231,
107,
0,
228,
105,
0,
229,
105,
0,
232,
107,
0,
234,
107,
0,
233,
106,
0,
234,
104,
0,
234,
100,
0,
239,
98,
0,
241,
103,
0,
236,
105,
0,
235,
107,
0,
234,
107,
0,
233,
107,
0,
233,
108,
0,
233,
107,
0,
231,
106,
0,
232,
106,
0,
231,
107,
0,
228,
107,
0,
231,
106,
0,
233,
104,
0,
233,
106,
0,
232,
106,
0,
232,
107,
0,
233,
107,
0,
236,
102,
0,
236,
101,
0,
239,
98,
0,
241,
104,
0,
238,
107,
0,
235,
107,
0,
235,
107,
0,
234,
107,
0,
233,
106,
0,
232,
107,
0,
231,
108,
0,
232,
107,
0,
231,
107,
0,
232,
105,
0,
234,
106,
0,
233,
106,
0,
236,
107,
0,
236,
106,
0,
235,
105,
0,
236,
107,
0,
237,
102,
0,
238,
100,
0,
240,
102,
0,
242,
105,
0,
232,
108,
0,
230,
108,
0,
228,
108,
0,
228,
108,
0,
226,
108,
0,
225,
108,
0,
225,
108,
0,
227,
108,
0,
228,
105,
0,
230,
108,
0,
229,
108,
0,
228,
108,
0,
229,
108,
0,
228,
108,
0,
229,
107,
0,
230,
106,
0,
231,
102,
0,
230,
101,
0,
233,
103,
0,
241,
104,
0,
253,
105,
0,
251,
105,
0,
250,
104,
0,
249,
104,
0,
248,
104,
0,
248,
105,
0,
250,
104,
0,
251,
105,
0,
250,
104,
0,
250,
104,
0,
250,
104,
0,
250,
105,
0,
250,
104,
0,
250,
104,
0,
251,
105,
0,
250,
105,
0,
251,
105,
0,
251,
99,
0,
250,
